n=2290
mean=0.9983503625855557
median=0.999999993939235
min=0.7060084930936342
max=1.0
