n=2112
mean=0.9975774728577028
median=0.9999999663398768
min=0.6493219873580243
max=1.0
